   1.9251025715136441E-010
   2.4254020018771932E-010
   3.0557086188873853E-010
   3.8498011194394276E-010
   4.8502326495152868E-010
   6.1106092548273520E-010
   7.6984596323523715E-010
   9.6988494949662347E-010
   1.2218933553477818E-009
   1.5393688064316792E-009
   1.9393129724782850E-009
   2.4431405733474045E-009
   3.0778239228923033E-009
   3.8773339290752425E-009
   4.8844541775516534E-009
   6.1530644660458311E-009
   7.7510149547471532E-009
   9.7637432381499336E-009
   1.2298825732183960E-008
   1.5491703812987820E-008
   1.9512886642783734E-008
   2.4577009692185976E-008
   3.0954224496493688E-008
   3.8984515984934254E-008
   4.9095694770494613E-008
   6.1826000473813344E-008
   7.7852487595725850E-008
   9.8026658866926864E-008
   1.2341917614291532E-007
   1.5537593257250808E-007
   1.9558833236128896E-007
   2.4618132064938281E-007
   3.0982356544790691E-007
   3.8986525150963285E-007
   4.9051024404972814E-007
   6.1703096683915646E-007
   7.7603626992307959E-007
   9.7580489945741889E-007
   1.2266999940072688E-006
   1.5416833894539254E-006
   1.9369524884819514E-006
   2.4327271016985137E-006
   3.0542190362004236E-006
   3.8328232952201814E-006
   4.8075764946619486E-006
   6.0269353291408561E-006
   7.5509353016759391E-006
   9.4537969011756777E-006
   1.1827052064293271E-005
   1.4783266710510626E-005
   1.8460433355503178E-005
   2.3027098377564953E-005
   2.8688267384644147E-005
   3.5692093813294179E-005
   4.4337293139491148E-005
   5.4981128622767176E-005
   6.8047672903829995E-005
   8.4035849586025166E-005
   1.0352648538756576E-004
   1.2718724206333795E-004
   1.5577383685153455E-004
   1.9012539785509864E-004
   2.3115114998654629E-004
   2.7980492926005013E-004
   3.3704336333937679E-004
   4.0376308265853010E-004
   4.8071227225342017E-004
   5.6837257614107640E-004
   6.6680926935629929E-004
   7.7549124975322462E-004
   8.9308831595199438E-004
   1.0172617873296424E-003
   1.1444757711844267E-003
   1.2698694708516325E-003
   1.3872437501763180E-003
   1.4892238812053515E-003
   1.5676592584338168E-003
   1.6143027487299530E-003
   1.6217705085716913E-003
   1.5847144773835265E-003
   1.5010497367566337E-003
   1.3729862276887631E-003
   1.2075530202721419E-003
   1.0163177385683819E-003
   8.1413232482501787E-004
   6.1698544714314577E-004
   4.3935917786258507E-004
   2.9175517456683981E-004
   1.7912462357968310E-004
   1.0070674365476454E-004
   5.1291595326027699E-005
   2.3380980461325043E-005
   9.4104188080057363E-006
   3.2935430855889554E-006
   9.8535667733998017E-007
   2.4720466221822974E-007
   5.0896583765966658E-008
   8.3941809081271806E-009
   1.0792634233550760E-009
   1.0492836878201328E-010
   7.4543506684879455E-012
   3.7238559566096677E-013
   1.2528915879004818E-014
   2.7048896050185755E-016
   3.5489875953099443E-018
   2.6625150688772134E-020
   1.0665532363026549E-022
   2.1125418201666848E-025
   1.8980306560918322E-028
   7.0215338505099850E-032
   9.5939739512976267E-036
   4.2857850853268137E-040
   5.4584330033234585E-045
   1.6996919075534183E-050
   1.0889869867177593E-056
   1.1828696820405008E-063
   1.7527769398164507E-071
   2.7761762038418759E-080
   3.5742002876664550E-090
   2.7506795495277657E-101
   8.9619317742694256E-114
   8.3924105812018868E-128
   1.4625909818003634E-143
   2.9121940641542690E-161
   3.8312518067841609E-181
   1.8010243772875751E-203
   1.5173980750059856E-228
   1.0561518775971734E-256
   2.5459823043693150E-288
   0.0000000000000000     
   0.0000000000000000     
   0.0000000000000000     
   0.0000000000000000     
   0.0000000000000000     
   0.0000000000000000     
   0.0000000000000000     
   0.0000000000000000     
   0.0000000000000000     
   0.0000000000000000     
   0.0000000000000000     
   0.0000000000000000     
   0.0000000000000000     
   0.0000000000000000     
   0.0000000000000000     
   0.0000000000000000     
   0.0000000000000000     
   0.0000000000000000     
   0.0000000000000000     
   0.0000000000000000     
   0.0000000000000000     
   0.0000000000000000     
   0.0000000000000000     
   0.0000000000000000     
   0.0000000000000000     
   0.0000000000000000     
   0.0000000000000000     
   0.0000000000000000     
   0.0000000000000000     
   0.0000000000000000     
   0.0000000000000000     
   0.0000000000000000     
   0.0000000000000000     
   0.0000000000000000     
   0.0000000000000000     
   0.0000000000000000     
   0.0000000000000000     
   0.0000000000000000     
   0.0000000000000000     
   0.0000000000000000     
   0.0000000000000000     
   0.0000000000000000     
   0.0000000000000000     
   0.0000000000000000     
   0.0000000000000000     
   0.0000000000000000     
   0.0000000000000000     
   0.0000000000000000     
   0.0000000000000000     
   0.0000000000000000     
   0.0000000000000000     
   0.0000000000000000     
   0.0000000000000000     
   0.0000000000000000     
   0.0000000000000000     
   0.0000000000000000     
   0.0000000000000000     
   0.0000000000000000     
   0.0000000000000000     
   0.0000000000000000     
   0.0000000000000000     
   0.0000000000000000     
   0.0000000000000000     
   0.0000000000000000     
   0.0000000000000000     
   0.0000000000000000     
   0.0000000000000000     
   0.0000000000000000     
   0.0000000000000000     
   0.0000000000000000     
   0.0000000000000000     
   0.0000000000000000     
   0.0000000000000000     
   0.0000000000000000     
   0.0000000000000000     
   0.0000000000000000     
   0.0000000000000000     
   0.0000000000000000     
   0.0000000000000000     
   0.0000000000000000     
   0.0000000000000000     
   0.0000000000000000     
   0.0000000000000000     
   0.0000000000000000     
   0.0000000000000000     
   0.0000000000000000     
   0.0000000000000000     
   0.0000000000000000     
   0.0000000000000000     
   0.0000000000000000     
   0.0000000000000000     
   0.0000000000000000     
   0.0000000000000000     
   0.0000000000000000     
   0.0000000000000000     
   0.0000000000000000     
   0.0000000000000000     
   0.0000000000000000     
   0.0000000000000000     
   0.0000000000000000     
   0.0000000000000000     
   0.0000000000000000     
   0.0000000000000000     
   0.0000000000000000     
   0.0000000000000000     
   0.0000000000000000     
   0.0000000000000000     
   0.0000000000000000     
   0.0000000000000000     
   0.0000000000000000     
   0.0000000000000000     
   0.0000000000000000     
   0.0000000000000000     
   0.0000000000000000     
   0.0000000000000000     
   0.0000000000000000     
   0.0000000000000000     
   0.0000000000000000     
   0.0000000000000000     
   0.0000000000000000     
   0.0000000000000000     
   0.0000000000000000     
   0.0000000000000000     
   0.0000000000000000     
   0.0000000000000000     
   0.0000000000000000     
   0.0000000000000000     
   0.0000000000000000     
   0.0000000000000000     
   0.0000000000000000     
   0.0000000000000000     
   0.0000000000000000     
   0.0000000000000000     
   0.0000000000000000     
   0.0000000000000000     
   0.0000000000000000     
   0.0000000000000000     
   0.0000000000000000     
   0.0000000000000000     
   0.0000000000000000     
   0.0000000000000000     
   0.0000000000000000     
   0.0000000000000000     
   0.0000000000000000     
   0.0000000000000000     
   0.0000000000000000     
   0.0000000000000000     
   0.0000000000000000     
   0.0000000000000000     
   0.0000000000000000     
   0.0000000000000000     
   0.0000000000000000     
   0.0000000000000000     
   0.0000000000000000     
   0.0000000000000000     
   0.0000000000000000     
   0.0000000000000000     
   0.0000000000000000     
   0.0000000000000000     
   0.0000000000000000     
   0.0000000000000000     
   0.0000000000000000     
   0.0000000000000000     
   0.0000000000000000     
   0.0000000000000000     
   0.0000000000000000     
   0.0000000000000000     
   0.0000000000000000     
   0.0000000000000000     
   0.0000000000000000     
   0.0000000000000000     
   0.0000000000000000     
   0.0000000000000000     
   0.0000000000000000     
   0.0000000000000000     
   0.0000000000000000     
   0.0000000000000000     
   0.0000000000000000     
   0.0000000000000000     
   0.0000000000000000     
   0.0000000000000000     
   0.0000000000000000     
   0.0000000000000000     
   0.0000000000000000     
   0.0000000000000000     
   0.0000000000000000     
   0.0000000000000000     
   0.0000000000000000     
   0.0000000000000000     
   0.0000000000000000     
   0.0000000000000000     
   0.0000000000000000     
   0.0000000000000000     
   0.0000000000000000     
   0.0000000000000000     
   0.0000000000000000     
   0.0000000000000000     
   0.0000000000000000     
   0.0000000000000000     
   0.0000000000000000     
   0.0000000000000000     
   0.0000000000000000     
   0.0000000000000000     
   0.0000000000000000     
   0.0000000000000000     
   0.0000000000000000     
   0.0000000000000000     
   0.0000000000000000     
   0.0000000000000000     
   0.0000000000000000     
   0.0000000000000000     
   0.0000000000000000     
   0.0000000000000000     
   0.0000000000000000     
   0.0000000000000000     
   0.0000000000000000     
   0.0000000000000000     
   0.0000000000000000     
   0.0000000000000000     
   0.0000000000000000     
   0.0000000000000000     
   0.0000000000000000     
   0.0000000000000000     
   0.0000000000000000     
   0.0000000000000000     
   0.0000000000000000     
   0.0000000000000000     
   0.0000000000000000     
   0.0000000000000000     
   0.0000000000000000     
   0.0000000000000000     
   0.0000000000000000     
   0.0000000000000000     
   0.0000000000000000     
   0.0000000000000000     
   0.0000000000000000     
   0.0000000000000000     
   0.0000000000000000     
   0.0000000000000000     
   0.0000000000000000     
   0.0000000000000000     
   0.0000000000000000     
   0.0000000000000000     
   0.0000000000000000     
   0.0000000000000000     
   0.0000000000000000     
   0.0000000000000000     
   0.0000000000000000     
   0.0000000000000000     
   0.0000000000000000     
   0.0000000000000000     
   0.0000000000000000     
   0.0000000000000000     
   0.0000000000000000     
   0.0000000000000000     
   0.0000000000000000     
   0.0000000000000000     
   0.0000000000000000     
   0.0000000000000000     
   0.0000000000000000     
   0.0000000000000000     
   0.0000000000000000     
   0.0000000000000000     
   0.0000000000000000     
   0.0000000000000000     
   0.0000000000000000     
   0.0000000000000000     
   0.0000000000000000     
   0.0000000000000000     
   0.0000000000000000     
   0.0000000000000000     
